5.392570104598999
5.017741346359253
4.9126189422607425
4.9152114295959475
4.858762664794922
4.877017030715942
4.943105306625366
4.847156410217285
4.853543338775634
4.845014915466309
4.842270402908325
4.864188632965088
4.830450267791748
4.838173017501831
4.857867374420166
4.870572967529297
4.793894214630127
4.84272442817688
4.818136854171753
4.829887056350708
4.802228059768677
4.871834602355957
4.843899831771851
4.852659521102905
4.811762199401856
4.851972818374634
4.784664497375489
4.816912536621094
4.84077564239502
4.816816701889038
4.868039865493774
4.801983737945557
4.75748122215271
4.8061707401275635
4.841098499298096
4.812116222381592
4.822837400436401
4.832086248397827
4.788983764648438
4.7898679542541505
4.818546361923218
4.752960405349731
4.7774825859069825
4.831754760742188
4.8449299526214595
4.834058771133423
4.8361953830719
4.787292385101319
4.776644344329834
4.800374069213867
4.82421462059021
4.800117311477661
4.816397199630737
4.772353076934815
4.792595510482788
4.782828416824341
4.829476099014283
4.808617267608643
4.794665679931641
4.828004188537598
4.74906512260437
4.804963397979736
4.806284112930298
4.800077285766601
4.808336839675904
4.842675533294678
4.76462553024292
4.8289268016815186
4.765132350921631
4.788606719970703
4.784916410446167
4.776120319366455
4.7881494140625
4.777061700820923
4.804227247238159
4.774243059158326
4.773376445770264
4.788980846405029
4.836607961654663
4.772131109237671
4.759325914382934
4.82669355392456
4.871951999664307
4.732103853225708
4.760161962509155
4.761361122131348
4.833242950439453
4.791900243759155
4.811828069686889
4.7511853504180905
4.809831113815307
4.764026432037354
4.774908618927002
4.772478103637695
4.807357416152954
4.754507799148559
4.76162974357605
4.73969202041626
4.785485200881958
4.803363866806031
4.80652437210083
4.7979254627227785
4.757885236740112
4.748688344955444
4.7921832656860355
4.833542833328247
4.77188515663147
4.735185079574585
4.764182271957398
4.7564342498779295
4.802907638549804
4.749827146530151
4.804017877578735
4.781667079925537
4.756816234588623
4.832227392196655
4.767440280914307
4.744333324432373
4.761775341033935
4.779371423721313
4.790993404388428
4.757278633117676
4.743930778503418
4.824195499420166
4.800999794006348
4.80345046043396
4.78265341758728
4.790958633422852
4.754814109802246
4.77080283164978
4.778241157531738
4.72830304145813
4.729565496444702
4.809309005737305
4.806385154724121
4.732846765518189
4.753801317214966
4.754863414764404
4.793408279418945
4.77207878112793
4.769698677062988
4.806738195419311
4.745062704086304
4.759739971160888
4.79093264579773
4.74612283706665
4.815983095169067
4.7462759113311765
4.736488418579102
4.793064308166504
